,ANO,HIDRO
1990,1,2548.008885
1991,2,2675.841274
1992,3,2667.724363
1993,4,2673.400496
1994,5,2685.101965
1995,6,2617.199548
1996,7,2858.332852
1997,8,3022.219901
1998,9,3070.454473
1999,10,2906.028345
2000,11,3011.965098
2001,12,3127.036422
2002,13,3177.099014
2003,14,3370.895969
2004,15,3382.898305
2005,16,3333.348655
2006,17,3255.578679
2007,18,3075.709821
2008,19,2791.575975
2009,20,2601.481209
2010,21,2577.019421
2011,22,2552.615388
2012,23,2547.911755
2013,24,2522.127105
2014,25,2428.767527
2015,26,2266.831419
2016,27,2153.526155
2017,28,1948.263173
2018,29,1833.295114
2019,30,1700.698234
2020,31,1705.36446
2021,32,1756.409723
2022,33,1784.584471
2023,34,1875.380798
2024,35,1759.045264
